10000	0.010533
30000	0.0315667
50000	0.0601715
70000	0.0746533
90000	0.0962107
110000	0.118687
130000	0.142968
150000	0.15926
170000	0.181166
190000	0.425665
210000	0.305756
230000	0.397074
250000	0.469928
270000	0.496779
290000	0.431981
310000	0.602349
330000	0.604408
350000	0.642111
370000	0.584961
390000	0.665536
410000	0.750738
430000	0.789945
450000	0.830636
470000	0.517815
490000	0.556049
510000	0.804773
530000	0.98048
550000	1.00776
570000	1.03958
590000	0.94195
610000	1.1083
630000	1.14778
650000	1.18262
670000	1.17989
690000	1.36005
710000	1.29438
730000	1.32788
750000	1.36647
770000	1.40082
790000	1.39497
810000	1.47341
830000	1.5091
850000	1.54755
870000	1.58433
890000	1.01456
910000	1.66419
930000	1.69243
950000	1.67218
970000	1.08286
990000	1.66429
1010000	1.74753
1030000	1.88556
1050000	1.91646
1070000	1.78154
1090000	1.92979
1110000	2.02164
1130000	2.05803
1150000	1.80852
1170000	1.47625
1190000	2.09683
1210000	2.21349
1230000	2.19074
1250000	2.2749
1270000	2.31893
1290000	1.94932
1310000	1.52894
1330000	2.4284
1350000	2.45903
1370000	2.52605
1390000	2.53626
1410000	2.54213
1430000	2.37031
1450000	2.64147
1470000	1.61441
1490000	2.55901
1510000	1.98979
1530000	2.49342
1550000	1.87064
1570000	2.88628
1590000	2.90242
1610000	2.94144
1630000	2.88184
1650000	2.87887
1670000	2.34838
1690000	3.08975
1710000	3.12789
1730000	3.10548
1750000	3.16223
1770000	3.24849
1790000	3.30987
1810000	2.26168
1830000	2.72981
1850000	3.38476
1870000	2.89774
1890000	3.45197
1910000	3.1058
1930000	2.51257
1950000	3.15041
1970000	3.62397
1990000	2.94099
2010000	3.47015
2030000	3.72543
2050000	3.8913
2070000	3.30413
2090000	3.74391
2110000	3.80286
2130000	3.45451
2150000	3.69911
2170000	2.76096
2190000	2.76019
2210000	2.76956
2230000	3.20949
2250000	2.74151
2270000	2.78301
2290000	3.34625
2310000	3.29294
2330000	3.84885
2350000	3.19513
2370000	3.41725
2390000	2.81248
2410000	2.96857
2430000	4.2285
2450000	3.73438
2470000	3.5416
2490000	3.48119
2510000	3.29408
2530000	3.13792
2550000	3.98855
2570000	4.38829
2590000	4.68287
2610000	4.485
2630000	4.31161
2650000	3.10482
2670000	4.07114
2690000	3.52086
2710000	3.7741
2730000	4.08692
2750000	4.83922
2770000	4.17335
2790000	3.27157
2810000	3.4973
2830000	5.11843
2850000	5.19727
2870000	5.18537
2890000	5.11458
2910000	5.07866
2930000	4.88956
2950000	4.49299
2970000	5.11441
2990000	4.24559
3010000	4.68946
3030000	5.09925
3050000	4.8974
3070000	5.37265
3090000	5.48071
3110000	4.7162
3130000	5.52598
3150000	3.84602
3170000	4.24716
3190000	5.21049
3210000	5.0745
3230000	5.30208
3250000	4.84769
3270000	5.96241
3290000	5.25564
3310000	5.55942
3330000	4.59587
3350000	5.01169
3370000	5.89239
3390000	5.96917
3410000	6.22245
3430000	6.31166
3450000	4.61149
3470000	4.08556
3490000	4.56664
3510000	4.04966
3530000	4.97793
3550000	4.48207
3570000	4.13
3590000	6.20395
3610000	5.36363
3630000	5.71899
3650000	4.43308
3670000	4.60912
3690000	4.69264
3710000	5.45263
3730000	5.40837
3750000	6.49016
3770000	6.95829
3790000	4.90995
3810000	6.53459
3830000	4.51681
3850000	6.52866
3870000	6.75366
3890000	7.11394
3910000	5.88728
3930000	6.61194
3950000	7.19054
3970000	7.64983
3990000	6.55069
4010000	6.75968
4030000	7.1834
4050000	7.07128
4070000	6.17642
4090000	5.99251
4110000	6.68152
4130000	5.66169
4150000	6.58913
4170000	4.9621
4190000	7.4653
4210000	6.59767
4230000	7.08379
4250000	7.49854
4270000	7.6665
4290000	6.04914
4310000	5.5453
4330000	7.21751
4350000	5.95949
4370000	7.49249
4390000	7.24227
4410000	6.24907
4430000	6.89194
4450000	6.65382
4470000	6.00634
4490000	6.82579
4510000	6.48882
4530000	6.56174
4550000	7.84551
4570000	6.79336
4590000	8.11805
4610000	8.34914
4630000	7.45945
4650000	7.65952
4670000	5.9856
4690000	6.81092
4710000	5.80068
4730000	8.03039
4750000	8.65671
4770000	7.38603
4790000	6.23536
4810000	8.59635
4830000	8.34349
4850000	7.79318
4870000	8.44476
4890000	8.72147
4910000	7.65446
4930000	8.31573
4950000	8.89049
4970000	8.45066
4990000	8.31939
5010000	7.42277
5030000	8.65708
5050000	8.21193
5070000	8.10942
5090000	8.90437
5110000	8.00474
5130000	8.7482
5150000	7.42131
5170000	9.22753
5190000	7.55318
5210000	9.15122
5230000	7.48183
5250000	8.59931
5270000	9.09898
5290000	7.79364
5310000	7.13414
5330000	9.00735
5350000	9.016
5370000	9.59768
5390000	9.35337
5410000	9.44829
5430000	9.0514
5450000	6.43227
5470000	6.21673
5490000	6.40761
5510000	6.29026
5530000	6.48108
5550000	6.59431
5570000	10.4769
5590000	9.60967
5610000	7.97311
5630000	9.84213
5650000	8.86228
5670000	10.2034
5690000	8.83494
5710000	9.76395
5730000	9.94117
5750000	8.33177
5770000	9.81285
5790000	8.37966
5810000	10.4974
5830000	10.3058
5850000	10.4015
5870000	10.8665
5890000	10.6445
5910000	9.83918
5930000	10.4819
5950000	10.9014
5970000	11.2538
5990000	11.1163
6010000	11.4125
6030000	10.8718
6050000	10.8337
6070000	11.2995
6090000	10.546
6110000	10.6868
6130000	10.4653
6150000	10.8124
6170000	10.5316
6190000	8.43673
6210000	11.3024
6230000	10.9773
6250000	11.5881
6270000	11.4544
6290000	11.9032
6310000	11.962
6330000	10.2846
6350000	9.7532
6370000	11.4053
6390000	10.1376
6410000	8.64126
6430000	11.0493
6450000	11.8352
6470000	12.156
6490000	11.6858
6510000	9.04539
6530000	10.5356
6550000	10.2845
6570000	8.61537
6590000	10.8019
6610000	11.8473
6630000	12.5492
6650000	13.0307
6670000	12.025
6690000	12.3376
6710000	10.9136
6730000	11.7704
6750000	10.1844
6770000	12.3475
6790000	12.3851
6810000	12.1659
6830000	13.0893
6850000	13.4889
6870000	12.3655
6890000	9.61552
6910000	10.9598
6930000	9.97313
6950000	12.6601
6970000	12.1293
6990000	11.7542
7010000	9.26932
7030000	11.7413
7050000	13.1721
7070000	10.0874
7090000	11.1853
7110000	11.824
7130000	8.4351
7150000	12.7105
7170000	10.3013
7190000	12.9191
7210000	13.1855
7230000	13.1685
7250000	13.089
7270000	13.2279
7290000	12.617
7310000	8.61549
7330000	8.44087
7350000	8.79517
7370000	8.7839
7390000	11.9621
7410000	13.2787
7430000	12.1498
7450000	13.2398
7470000	12.6471
7490000	12.3495
7510000	12.7949
7530000	13.531
7550000	13.8061
7570000	12.1996
7590000	11.6599
7610000	13.4391
7630000	12.7421
7650000	12.5442
7670000	13.5358
7690000	13.9962
7710000	12.4644
7730000	12.848
7750000	12.6213
7770000	14.014
7790000	13.6046
7810000	14.2016
7830000	14.3945
7850000	13.1943
7870000	13.2462
7890000	11.7974
7910000	13.9816
7930000	14.7944
7950000	13.0348
7970000	14.0179
7990000	11.6562
8010000	11.415
8030000	9.48222
8050000	13.7187
8070000	11.6043
8090000	13.8683
8110000	10.9441
8130000	9.36601
8150000	9.89593
8170000	11.6587
8190000	14.1258
8210000	14.4764
8230000	15.2249
8250000	14.6659
8270000	15.0347
8290000	14.1332
8310000	15.0912
8330000	15.4419
8350000	15.3926
8370000	13.4525
8390000	14.3154
8410000	15.2453
8430000	14.3584
8450000	13.48
8470000	12.6558
8490000	11.4129
8510000	11.4603
8530000	13.9099
8550000	15.6666
8570000	13.5298
8590000	15.0844
8610000	14.2805
8630000	10.6419
8650000	10.7843
8670000	15.0998
8690000	16.5019
8710000	14.5526
8730000	13.2404
8750000	16.1545
8770000	15.1973
8790000	15.5567
8810000	15.5758
8830000	14.6023
8850000	15.4624
8870000	14.2756
8890000	14.6005
8910000	16.3881
8930000	14.0894
8950000	16.1636
8970000	13.32
8990000	10.7917
9010000	12.4519
9030000	15.8226
9050000	17.7133
9070000	16.5269
9090000	17.9464
9110000	16.6563
9130000	15.4929
9150000	14.7634
9170000	14.7608
9190000	13.824
9210000	16.5588
9230000	14.1341
9250000	15.6785
9270000	13.5081
9290000	15.5564
9310000	15.1738
9330000	13.4546
9350000	14.9569
9370000	13.4411
9390000	14.5019
9410000	17.4952
9430000	12.2533
9450000	15.8736
9470000	16.9901
9490000	15.4194
9510000	13.3825
9530000	15.8563
9550000	15.9688
9570000	14.5723
9590000	14.9868
9610000	15.357
9630000	15.7056
9650000	15.6858
9670000	16.1697
9690000	15.9532
9710000	14.5878
9730000	16.4923
9750000	16.0243
9770000	15.3538
9790000	11.9588
9810000	11.8561
9830000	15.9999
9850000	16.1024
9870000	16.4991
9890000	15.0685
9910000	13.3929
9930000	12.8443
9950000	17.3706
9970000	16.1758
9990000	15.2024
